Year         Jan             Feb             Mar             Apr             May             Jun             Jul             Aug             Sep             Oct             Nov             Dec
-------------------------------------------------------------------------------------------------------------------------------------------------------------------------------------------------------
1970	     3817571.75	     4268721.50	     3022122.50	     3747411.75	     3838203.50	     4353014.00	     4440157.50	     4631336.50	     4110378.25	     4048969.50	     4250890.50	     3304957.75	
-------------------------------------------------------------------------------------------------------------------------------------------------------------------------------------------------------
1971	     4374095.50	     3592181.75	     4166631.75	     3539779.25	     4009265.00	     3731011.75	     3989766.00	     4203783.00	     3604753.75	     3916490.25	     3803250.75	     4025009.00	
-------------------------------------------------------------------------------------------------------------------------------------------------------------------------------------------------------
1972	     3580798.25	     3426018.00	     3885631.00	     3308089.00	     3971973.00	     3510272.25	     3454638.50	     4388254.00	     4133144.00	     3428076.50	     3848975.75	     3661534.00	
-------------------------------------------------------------------------------------------------------------------------------------------------------------------------------------------------------
1973	     3994632.75	     4099928.75	     3711435.50	     3288451.75	     3989787.75	     4795167.50	     3860292.00	     3857927.50	     3094010.25	     3745874.50	     3845666.25	     3391458.50	
-------------------------------------------------------------------------------------------------------------------------------------------------------------------------------------------------------
1974	     4555197.50	     3216808.00	     2850663.25	     3286861.50	     2842133.50	     4367270.50	     3374975.50	     3943239.50	     4144790.25	     4239336.50	     3589377.75	     3716122.50	
-------------------------------------------------------------------------------------------------------------------------------------------------------------------------------------------------------
1975	     4672166.00	     3144901.00	     3602912.25	     4723643.00	     3937500.50	     4378346.00	     4104425.50	     4317934.50	     3603835.50	     3772685.25	     3058388.75	     4061067.00	
-------------------------------------------------------------------------------------------------------------------------------------------------------------------------------------------------------
1976	     3631112.50	     3969426.75	     3616660.00	     3773017.50	     3972410.75	     3369273.00	     3872831.00	     4487203.50	     4476010.50	     4341323.50	     4165964.50	     4172730.25	
-------------------------------------------------------------------------------------------------------------------------------------------------------------------------------------------------------
1977	     3678596.00	     3647514.25	     4010694.00	     4084451.50	     3680348.00	     3552943.00	     4394945.50	     3929202.50	     4111346.00	     4508993.50	     4033354.25	     4062706.25	
-------------------------------------------------------------------------------------------------------------------------------------------------------------------------------------------------------
1978	     5223239.50	     3703686.25	     4190981.50	     3756820.75	     4317057.50	     4081301.25	     4196737.00	     4582877.00	     4290351.50	     5195539.00	     3749925.50	     3627584.50	
-------------------------------------------------------------------------------------------------------------------------------------------------------------------------------------------------------
1979	     3824340.75	     3752739.75	     3757694.75	     3079762.75	     4136509.25	     4542430.00	     3808601.00	     4566089.00	     3980189.00	     4553391.00	     4090215.00	     4158428.25	
-------------------------------------------------------------------------------------------------------------------------------------------------------------------------------------------------------
1980	     3966130.25	     3815796.00	     3940755.00	     3874262.00	     4099895.75	     3749692.75	     4239201.50	     4084898.00	     3542804.50	     4363509.50	     4021255.75	     4363276.00	
-------------------------------------------------------------------------------------------------------------------------------------------------------------------------------------------------------
1981	     3460973.50	     4092311.50	     3834081.75	     4602075.50	     4227590.50	     3704011.75	     4297233.50	     3431857.00	     3830592.25	     4238708.50	     3668343.75	     4678600.00	
-------------------------------------------------------------------------------------------------------------------------------------------------------------------------------------------------------
1982	     4342557.00	     3313011.75	     3680544.50	     2936043.00	     4238195.00	     3830523.00	     3558005.25	     4072702.75	     3650407.50	     3954758.50	     3950082.75	     3418086.50	
-------------------------------------------------------------------------------------------------------------------------------------------------------------------------------------------------------
1983	     4172570.25	     3294614.00	     3393486.00	     3918374.50	     4285481.50	     3765782.00	     4153257.25	     4028662.75	     3590658.50	     3750241.50	     3869284.00	     5472098.00	
-------------------------------------------------------------------------------------------------------------------------------------------------------------------------------------------------------
1984	     4223194.50	     3296719.75	     3808390.50	     3642109.25	     3725453.25	     4138805.25	     3898601.75	     4147228.75	     4052373.25	     4159019.50	     4183582.25	     4244553.00	
-------------------------------------------------------------------------------------------------------------------------------------------------------------------------------------------------------
1985	     4630204.00	     3753103.75	     4111093.50	     4194348.00	     4351953.50	     3740063.25	     3640761.50	     4191113.00	     3275920.25	     3853471.50	     3443200.75	     4098899.50	
-------------------------------------------------------------------------------------------------------------------------------------------------------------------------------------------------------
1986	     3787140.25	     2830187.25	     4698075.50	     3126420.75	     3572697.75	     3667709.50	     4525965.00	     4302225.00	     3633969.75	     3955298.25	     3614249.50	     4121140.25	
-------------------------------------------------------------------------------------------------------------------------------------------------------------------------------------------------------
1987	     3813554.00	     3748137.75	     3548335.75	     3622517.00	     3317294.50	     3642587.00	     4899420.50	     4334470.50	     3589044.25	     4097095.00	     4149236.75	     4052881.50	
-------------------------------------------------------------------------------------------------------------------------------------------------------------------------------------------------------
1988	     4001578.50	     3621424.00	     4176859.50	     3930579.50	     4304641.50	     4302198.00	     3826814.50	     4593409.00	     3668268.50	     3725184.00	     3370334.75	     3295898.75	
-------------------------------------------------------------------------------------------------------------------------------------------------------------------------------------------------------
1989	     3790867.75	     3382428.25	     3855742.25	     3884554.00	     3776360.00	     3915359.25	     3820439.00	     4002522.00	     3864678.50	     3450449.50	     5027768.50	     3325306.75	
-------------------------------------------------------------------------------------------------------------------------------------------------------------------------------------------------------
1990	     4344799.00	     3401987.25	     4533908.00	     3734470.25	     3945698.50	     4516192.50	     5259601.50	     3368384.00	     3919207.00	     4859574.00	     3982582.50	     4448638.00	
-------------------------------------------------------------------------------------------------------------------------------------------------------------------------------------------------------
1991	     2981703.75	     3976727.75	     3381627.50	     4138833.25	     3652522.00	     3929776.00	     5181424.00	     4178495.75	     3906849.00	     4020379.25	     3502988.00	     3727144.50	
-------------------------------------------------------------------------------------------------------------------------------------------------------------------------------------------------------
1992	     4645663.50	     4592871.00	     4251734.00	     4498168.00	     3948793.25	     3645336.50	     4107747.50	     3407989.75	     3595018.75	     3506294.75	     3712451.25	     3935210.00	
-------------------------------------------------------------------------------------------------------------------------------------------------------------------------------------------------------
1993	     3518825.50	     4373785.50	     4006222.75	     3724570.50	     4062307.75	     4146489.75	     4196194.50	     3556349.25	     4162919.75	     4092149.50	     3708565.75	     3888689.75	
-------------------------------------------------------------------------------------------------------------------------------------------------------------------------------------------------------
1994	     3664111.50	     3105398.75	     4009591.75	     4383961.00	     4127756.50	     3535063.75	     4016935.00	     4057423.75	     3732352.75	     3364854.00	     3828748.75	     3768486.50	
-------------------------------------------------------------------------------------------------------------------------------------------------------------------------------------------------------
1995	     3878228.25	     3209826.25	     4103152.50	     4414690.50	     3769139.25	     3838343.00	     3502583.50	     3950503.25	     3962207.25	     3998119.50	     3009188.00	     4172761.00	
-------------------------------------------------------------------------------------------------------------------------------------------------------------------------------------------------------
1996	     4115400.25	     3087863.50	     3488362.50	     4099196.00	     4375044.50	     3858082.50	     3026296.25	     3954461.00	     3812603.00	     3710064.25	     3232968.50	     3334629.00	
-------------------------------------------------------------------------------------------------------------------------------------------------------------------------------------------------------
1997	     3526123.00	     3656220.75	     4113722.25	     4553398.00	     3925701.00	     4109269.50	     4480657.00	     3864444.75	     3954178.50	     3784135.00	     3782442.25	     4887950.50	
-------------------------------------------------------------------------------------------------------------------------------------------------------------------------------------------------------
1998	     3706147.25	     3741012.75	     4003462.50	     3532877.00	     4418241.50	     3780315.50	     3765762.50	     4146020.00	     3393988.25	     4076171.75	     3368885.50	     3499433.25	
-------------------------------------------------------------------------------------------------------------------------------------------------------------------------------------------------------
1999	     3378845.00	     3270614.50	     3523444.50	     3753931.50	     3900776.50	     3881339.25	     3864463.25	     4158332.75	     4088450.25	     4010999.50	     3868740.75	     3951111.50	
-------------------------------------------------------------------------------------------------------------------------------------------------------------------------------------------------------
2000	     4623506.50	     3438053.25	     4100725.50	     3372127.75	     3526497.25	     3675857.50	     4140079.75	     4344272.00	     4035973.50	     4237273.00	     3847141.00	     3631564.25	
-------------------------------------------------------------------------------------------------------------------------------------------------------------------------------------------------------
2001	     3547955.75	     3533413.50	     4533850.00	     3756079.00	     4362706.50	     4247547.50	     4269095.50	     4094367.25	     4187080.50	     4431614.50	     3460622.25	     3754440.25	
-------------------------------------------------------------------------------------------------------------------------------------------------------------------------------------------------------
2002	     3018394.00	     3856687.50	     4159542.75	     3792231.00	     3922681.75	     4274834.00	     4672893.00	     3556179.50	     3450412.00	     4339090.50	     4232211.50	     3476560.00	
-------------------------------------------------------------------------------------------------------------------------------------------------------------------------------------------------------
2003	     4494601.00	     3972518.75	     4130751.75	     3749995.00	     4018876.75	     4017655.25	     4493589.50	     3797527.00	     4441165.00	     3739308.50	     3925914.00	     3611787.25	
-------------------------------------------------------------------------------------------------------------------------------------------------------------------------------------------------------
2004	     4395545.00	     3014741.75	     3726838.25	     4285271.50	     4067991.25	     3857006.00	     4063915.00	     3866246.00	     3563816.75	     3973018.25	     3819168.50	     4697215.50	
-------------------------------------------------------------------------------------------------------------------------------------------------------------------------------------------------------
2005	     3286449.25	     4333953.00	     4442560.00	     3736937.25	     4043616.75	     3816257.25	     3670321.00	     3998489.50	     4444491.00	     3959347.00	     4330062.50	     4350714.00	
-------------------------------------------------------------------------------------------------------------------------------------------------------------------------------------------------------
2006	     4265373.00	     3071017.25	     4537298.50	     3535848.50	     4047099.00	     3609112.25	     4064798.00	     4157196.75	     3627350.75	     3454457.00	     3276542.25	     3490899.25	
-------------------------------------------------------------------------------------------------------------------------------------------------------------------------------------------------------
2007	     3622520.00	     3352217.50	     3888528.50	     3811508.50	     3620238.00	     3763585.50	     3522360.00	     5003439.50	     2981969.25	     4232430.50	     3847082.00	     3758240.00	
-------------------------------------------------------------------------------------------------------------------------------------------------------------------------------------------------------
2008	     3525599.50	     2934585.75	     3374643.50	     3809491.25	     3766929.50	     4159874.50	     3947871.25	     4236691.00	     3262974.75	     3816276.50	     3527586.75	     3824692.25	
-------------------------------------------------------------------------------------------------------------------------------------------------------------------------------------------------------
2009	     4590940.50	     3956344.75	     2827361.50	     4007446.50	     4193944.50	     3661498.50	     3849276.25	     3980346.75	     4562926.50	     4565339.50	     3747053.75	     4513348.00	
-------------------------------------------------------------------------------------------------------------------------------------------------------------------------------------------------------
2010	     4622892.50	     2858857.25	     3381831.00	     3985036.75	     4219353.50	     3929712.50	     4185874.00	     3618940.00	     3941769.75	     4407077.50	     3655672.75	     4036385.25	
-------------------------------------------------------------------------------------------------------------------------------------------------------------------------------------------------------
2011	     4146213.75	     3392789.25	     4267483.00	     3996469.00	     3091684.75	     3939546.00	     3255593.50	     3688976.75	     4039903.25	     4145006.00	     4139202.75	     4229485.50	
-------------------------------------------------------------------------------------------------------------------------------------------------------------------------------------------------------
2012	     3838434.25	     3783866.50	     4496546.00	     4271913.50	     3985465.00	     3618388.25	     4754433.50	     3954294.25	     3503363.75	     3468568.00	     3699998.25	     5118207.00	
-------------------------------------------------------------------------------------------------------------------------------------------------------------------------------------------------------
2013	     3815125.50	     3635906.25	     3823718.25	     3760890.50	     3653589.50	     2640071.75	     4262142.00	     4750173.50	     3214867.50	     4400320.00	     3397574.50	     3913805.00	
-------------------------------------------------------------------------------------------------------------------------------------------------------------------------------------------------------
2014	     4576928.50	     3785775.25	     3732329.00	     3766802.25	     4068291.25	     4092029.00	     3788159.75	     3968585.25	     4087950.00	     3826655.50	     4319242.50	     3809642.50	
-------------------------------------------------------------------------------------------------------------------------------------------------------------------------------------------------------
2015	     4195232.00	     3451994.25	     3692798.50	     4165158.50	     4140447.50	     3350056.25	     3536096.00	     3978573.50	     3119354.00	     4176972.75	     3424498.25	     3746699.00	
-------------------------------------------------------------------------------------------------------------------------------------------------------------------------------------------------------
2016	     3976244.25	     3780605.00	     4669048.50	     3968917.50	     3905395.75	     4633136.50	     4737872.50	     4037504.25	     4088875.50	     4081119.25	     4241570.50	     4535210.00	
-------------------------------------------------------------------------------------------------------------------------------------------------------------------------------------------------------
2017	     3859718.75	     3724422.50	     4026889.00	     3826984.25	     4261161.50	     4029784.00	     4053992.00	     4241369.50	     4622025.50	     4085585.75	     4459875.00	     3688740.25	
-------------------------------------------------------------------------------------------------------------------------------------------------------------------------------------------------------
2018	     4645370.50	     3485263.25	     3263940.25	     3510825.25	     3840901.25	     4050022.75	     3932122.50	     4616159.00	     3487925.50	     3970663.25	     3912392.25	     4967221.00	
-------------------------------------------------------------------------------------------------------------------------------------------------------------------------------------------------------
2019	     4514550.00	     3295011.75	     3512523.25	     3835951.25	     3840592.25	     4363136.50	     4502695.00	     4064629.25	     3504416.00	     3334510.25	     3828774.00	     4495514.50	
-------------------------------------------------------------------------------------------------------------------------------------------------------------------------------------------------------
2020	     3892177.00	     4115380.75	     3760913.50	     3392140.00	     3745607.25	     3272431.25	     3881681.50	     4183193.75	     3797774.25	     3881759.25	     4554308.50	     4063230.75	
-------------------------------------------------------------------------------------------------------------------------------------------------------------------------------------------------------
2021	     3982885.75	     3769257.25	     3087179.00	     2993698.25	     3995725.50	     3788548.50	     3783017.75	     3778350.00	     3000876.25	     3800619.25	     4253320.50	     3722569.50	
-------------------------------------------------------------------------------------------------------------------------------------------------------------------------------------------------------
2022	     3417971.25	     3453507.75	     4600454.50	     4322284.50	     3841536.75	     4439036.00	     3440458.50	     3952520.00	     3713806.75	     4365071.00	     3383432.50	     4844766.00	
-------------------------------------------------------------------------------------------------------------------------------------------------------------------------------------------------------
2023	     3836639.00	     3724338.75	     3874410.25	     3988348.25	     4241709.50	     4921754.00	     3708228.25	     3795262.25	     4020730.50	     4078771.50	     3981094.25	     3698502.00	
-------------------------------------------------------------------------------------------------------------------------------------------------------------------------------------------------------
2024	     3789483.50	     1943382.88	           0.00	           0.00	           0.00	           0.00	           0.00	           0.00	           0.00	           0.00	           0.00	           0.00	
-------------------------------------------------------------------------------------------------------------------------------------------------------------------------------------------------------
